  3.0000   3377.00
  3.1000   3202.00
  3.2000   2973.00
  3.3000   2752.00
  3.4000   2558.00
  3.5000   2399.00
  3.6000   2243.00
  3.7000   2021.00
  3.8000   1898.00
  3.9000   1817.00
  4.0000   1684.00
  4.1000   1648.00
  4.2000   1589.00
  4.3000   1487.00
  4.4000   1433.00
  4.5000   1429.00
  4.6000   1439.00
  4.7000   1356.00
  4.8000   1399.00
  4.9000   1366.00
  5.0000   1273.00
  5.1000   1265.00
  5.2000   1253.00
  5.3000   1254.00
  5.4000   1242.00
  5.5000   1212.00
  5.6000   1182.00
  5.7000   1170.00
  5.8000   1146.00
  5.9000   1159.00
  6.0000   1128.00
  6.1000   1118.00
  6.2000   1110.00
  6.3000   1093.00
  6.4000   1084.00
  6.5000   1072.00
  6.6000   1074.00
  6.7000   1047.00
  6.8000   1049.00
  6.9000   1046.00
  7.0000   1070.00
  7.1000   1010.00
  7.2000   1036.00
  7.3000   1044.00
  7.4000   1037.00
  7.5000    991.00
  7.6000   1018.00
  7.7000   1010.00
  7.8000    988.00
  7.9000    992.00
  8.0000    996.00
  8.1000    956.00
  8.2000    972.00
  8.3000    949.00
  8.4000    946.00
  8.5000    936.00
  8.6000    964.00
  8.7000    983.00
  8.8000    924.00
  8.9000    932.00
  9.0000    936.00
  9.1000    948.00
  9.2000    953.00
  9.3000    959.00
  9.4000    976.00
  9.5000    991.00
  9.6000   1015.00
  9.7000   1059.00
  9.8000   1077.00
  9.9000   1173.00
 10.0000   1212.00
 10.1000   1240.00
 10.2000   1323.00
 10.3000   1431.00
 10.4000   1566.00
 10.5000   1765.00
 10.6000   1913.00
 10.7000   2217.00
 10.8000   2585.00
 10.9000   3109.00
 11.0000   3733.00
 11.1000   4229.00
 11.2000   4326.00
 11.3000   3665.00
 11.4000   2627.00
 11.5000   1626.00
 11.6000   1121.00
 11.7000    933.00
 11.8000    852.00
 11.9000    864.00
 12.0000    899.00
 12.1000    885.00
 12.2000    887.00
 12.3000    890.00
 12.4000    829.00
 12.5000    817.00
 12.6000    820.00
 12.7000    839.00
 12.8000    808.00
 12.9000    827.00
 13.0000    873.00
 13.1000    874.00
 13.2000    864.00
 13.3000    851.00
 13.4000    802.00
 13.5000    836.00
 13.6000    832.00
 13.7000    838.00
 13.8000    820.00
 13.9000    826.00
 14.0000    816.00
 14.1000    840.00
 14.2000    791.00
 14.3000    804.00
 14.4000    822.00
 14.5000    828.00
 14.6000    827.00
 14.7000    829.00
 14.8000    792.00
 14.9000    828.00
 15.0000    829.00
 15.1000    835.00
 15.2000    821.00
 15.3000    794.00
 15.4000    818.00
 15.5000    817.00
 15.6000    809.00
 15.7000    790.00
 15.8000    821.00
 15.9000    803.00
 16.0000    809.00
 16.1000    796.00
 16.2000    801.00
 16.3000    810.00
 16.4000    813.00
 16.5000    776.00
 16.6000    808.00
 16.7000    810.00
 16.8000    780.00
 16.9000    782.00
 17.0000    791.00
 17.1000    809.00
 17.2000    801.00
 17.3000    796.00
 17.4000    811.00
 17.5000    771.00
 17.6000    778.00
 17.7000    807.00
 17.8000    769.00
 17.9000    790.00
 18.0000    821.00
 18.1000    755.00
 18.2000    769.00
 18.3000    802.00
 18.4000    766.00
 18.5000    768.00
 18.6000    789.00
 18.7000    788.00
 18.8000    806.00
 18.9000    814.00
 19.0000    810.00
 19.1000    800.00
 19.2000    776.00
 19.3000    808.00
 19.4000    863.00
 19.5000    843.00
 19.6000    842.00
 19.7000    813.00
 19.8000    776.00
 19.9000    761.00
 20.0000    768.00
 20.1000    799.00
 20.2000    761.00
 20.3000    799.00
 20.4000    820.00
 20.5000    807.00
 20.6000    804.00
 20.7000    774.00
 20.8000    740.00
 20.9000    763.00
 21.0000    770.00
 21.1000    791.00
 21.2000    728.00
 21.3000    737.00
 21.4000    774.00
 21.5000    781.00
 21.6000    779.00
 21.7000    784.00
 21.8000    852.00
 21.9000    883.00
 22.0000    949.00
 22.1000   1056.00
 22.2000   1327.00
 22.3000   1617.00
 22.4000   2050.00
 22.5000   2378.00
 22.6000   2363.00
 22.7000   1993.00
 22.8000   1486.00
 22.9000   1014.00
 23.0000    823.00
 23.1000    798.00
 23.2000    778.00
 23.3000    741.00
 23.4000    806.00
 23.5000    817.00
 23.6000    788.00
 23.7000    764.00
 23.8000    765.00
 23.9000    795.00
 24.0000    836.00
 24.1000    840.00
 24.2000    790.00
 24.3000    827.00
 24.4000    785.00
 24.5000    780.00
 24.6000    788.00
 24.7000    749.00
 24.8000    769.00
 24.9000    778.00
 25.0000    760.00
 25.1000    777.00
 25.2000    781.00
 25.3000    763.00
 25.4000    779.00
 25.5000    778.00
 25.6000    803.00
 25.7000    763.00
 25.8000    759.00
 25.9000    750.00
 26.0000    759.00
 26.1000    781.00
 26.2000    810.00
 26.3000    787.00
 26.4000    781.00
 26.5000    783.00
 26.6000    769.00
 26.7000    791.00
 26.8000    813.00
 26.9000    786.00
 27.0000    777.00
 27.1000    777.00
 27.2000    778.00
 27.3000    808.00
 27.4000    779.00
 27.5000    769.00
 27.6000    771.00
 27.7000    799.00
 27.8000    800.00
 27.9000    794.00
 28.0000    792.00
 28.1000    807.00
 28.2000    782.00
 28.3000    781.00
 28.4000    795.00
 28.5000    785.00
 28.6000    796.00
 28.7000    792.00
 28.8000    826.00
 28.9000    824.00
 29.0000    789.00
 29.1000    791.00
 29.2000    820.00
 29.3000    865.00
 29.4000    892.00
 29.5000    942.00
 29.6000   1013.00
 29.7000   1245.00
 29.8000   1592.00
 29.9000   1905.00
 30.0000   2308.00
 30.1000   2284.00
 30.2000   2152.00
 30.3000   1959.00
 30.4000   1686.00
 30.5000   1441.00
 30.6000   1163.00
 30.7000    984.00
 30.8000    866.00
 30.9000    800.00
 31.0000    808.00
 31.1000    829.00
 31.2000    825.00
 31.3000    814.00
 31.4000    801.00
 31.5000    774.00
 31.6000    776.00
 31.7000    813.00
 31.8000    787.00
 31.9000    784.00
 32.0000    820.00
 32.1000    794.00
 32.2000    776.00
 32.3000    809.00
 32.4000    828.00
 32.5000    787.00
 32.6000    800.00
 32.7000    800.00
 32.8000    823.00
 32.9000    807.00
 33.0000    807.00
 33.1000    778.00
 33.2000    796.00
 33.3000    810.00
 33.4000    793.00
 33.5000    790.00
 33.6000    816.00
 33.7000    782.00
 33.8000    791.00
 33.9000    846.00
 34.0000    860.00
 34.1000    896.00
 34.2000    886.00
 34.3000    918.00
 34.4000    859.00
 34.5000    826.00
 34.6000    780.00
 34.7000    785.00
 34.8000    766.00
 34.9000    783.00
 35.0000    779.00
 35.1000    776.00
 35.2000    771.00
 35.3000    804.00
 35.4000    778.00
 35.5000    776.00
 35.6000    770.00
 35.7000    785.00
 35.8000    780.00
 35.9000    776.00
 36.0000    787.00
 36.1000    788.00
 36.2000    781.00
 36.3000    787.00
 36.4000    774.00
 36.5000    773.00
 36.6000    778.00
 36.7000    745.00
 36.8000    776.00
 36.9000    763.00
 37.0000    787.00
 37.1000    825.00
 37.2000    791.00
 37.3000    791.00
 37.4000    795.00
 37.5000    800.00
 37.6000    803.00
 37.7000    765.00
 37.8000    810.00
 37.9000    780.00
 38.0000    789.00
 38.1000    766.00
 38.2000    785.00
 38.3000    774.00
 38.4000    797.00
 38.5000    812.00
 38.6000    783.00
 38.7000    765.00
 38.8000    811.00
 38.9000    821.00
 39.0000    861.00
 39.1000    914.00
 39.2000   1080.00
 39.3000   1479.00
 39.4000   2396.00
 39.5000   4015.00
 39.6000   5580.00
 39.7000   6311.00
 39.8000   5526.00
 39.9000   3825.00
 40.0000   2140.00
 40.1000   1283.00
 40.2000    942.00
 40.3000    810.00
 40.4000    784.00
 40.5000    821.00
 40.6000    823.00
 40.7000    848.00
 40.8000    882.00
 40.9000    969.00
 41.0000   1073.00
 41.1000   1367.00
 41.2000   1862.00
 41.3000   2403.00
 41.4000   2778.00
 41.5000   3072.00
 41.6000   2866.00
 41.7000   2494.00
 41.8000   1929.00
 41.9000   1397.00
 42.0000   1003.00
 42.1000    833.00
 42.2000    796.00
 42.3000    853.00
 42.4000    905.00
 42.5000    931.00
 42.6000    979.00
 42.7000    967.00
 42.8000    919.00
 42.9000    810.00
 43.0000    777.00
 43.1000    771.00
 43.2000    784.00
 43.3000    764.00
 43.4000    756.00
 43.5000    806.00
 43.6000    775.00
 43.7000    784.00
 43.8000    786.00
 43.9000    765.00
 44.0000    784.00
 44.1000    780.00
 44.2000    762.00
 44.3000    753.00
 44.4000    754.00
 44.5000    841.00
 44.6000    887.00
 44.7000    968.00
 44.8000   1112.00
 44.9000   1224.00
 45.0000   1187.00
 45.1000   1063.00
 45.2000    923.00
 45.3000    896.00
 45.4000    857.00
 45.5000    882.00
 45.6000   1013.00
 45.7000   1378.00
 45.8000   2245.00
 45.9000   3826.00
 46.0000   5928.00
 46.1000   8029.00
 46.2000   8950.00
 46.3000   7779.00
 46.4000   5313.00
 46.5000   2778.00
 46.6000   1346.00
 46.7000    905.00
 46.8000    859.00
 46.9000    788.00
 47.0000    799.00
 47.1000    778.00
 47.2000    760.00
 47.3000    782.00
 47.4000    807.00
 47.5000    805.00
 47.6000    790.00
 47.7000    780.00
 47.8000    770.00
 47.9000    766.00
 48.0000    777.00
 48.1000    774.00
 48.2000    790.00
 48.3000    815.00
 48.4000    817.00
 48.5000    807.00
 48.6000    820.00
 48.7000    876.00
 48.8000    993.00
 48.9000   1437.00
 49.0000   2688.00
 49.1000   5386.00
 49.2000  10356.00
 49.3000  16060.00
 49.4000  18426.00
 49.5000  15661.00
 49.6000   9705.00
 49.7000   4555.00
 49.8000   1825.00
 49.9000   1069.00
 50.0000    956.00
 50.1000    880.00
 50.2000    861.00
 50.3000    876.00
 50.4000    909.00
 50.5000   1035.00
 50.6000   1127.00
 50.7000   1182.00
 50.8000   1185.00
 50.9000   1109.00
 51.0000   1020.00
 51.1000    910.00
 51.2000    814.00
 51.3000    771.00
 51.4000    781.00
 51.5000    798.00
 51.6000    801.00
 51.7000    787.00
 51.8000    763.00
 51.9000    764.00
 52.0000    744.00
 52.1000    790.00
 52.2000    771.00
 52.3000    811.00
 52.4000    817.00
 52.5000    775.00
 52.6000    819.00
 52.7000    853.00
 52.8000    909.00
 52.9000    890.00
 53.0000    941.00
 53.1000    948.00
 53.2000   1067.00
 53.3000   1146.00
 53.4000   1137.00
 53.5000   1087.00
 53.6000   1024.00
 53.7000    928.00
 53.8000    820.00
 53.9000    780.00
 54.0000    760.00
 54.1000    757.00
 54.2000    799.00
 54.3000    768.00
 54.4000    762.00
 54.5000    760.00
 54.6000    742.00
 54.7000    741.00
 54.8000    764.00
 54.9000    767.00
 55.0000    793.00
 55.1000    779.00
 55.2000    808.00
 55.3000    770.00
 55.4000    736.00
 55.5000    745.00
 55.6000    771.00
 55.7000    767.00
 55.8000    732.00
 55.9000    770.00
 56.0000    774.00
 56.1000    749.00
 56.2000    784.00
 56.3000    738.00
 56.4000    739.00
 56.5000    780.00
 56.6000    752.00
 56.7000    771.00
 56.8000    734.00
 56.9000    746.00
 57.0000    796.00
 57.1000    763.00
 57.2000    752.00
 57.3000    728.00
 57.4000    755.00
 57.5000    756.00
 57.6000    729.00
 57.7000    735.00
 57.8000    795.00
 57.9000    831.00
 58.0000    959.00
 58.1000   1135.00
 58.2000   1273.00
 58.3000   1326.00
 58.4000   1137.00
 58.5000    950.00
 58.6000    797.00
 58.7000    853.00
 58.8000    836.00
 58.9000    839.00
 59.0000    855.00
 59.1000    797.00
 59.2000    786.00
 59.3000    755.00
 59.4000    757.00
 59.5000    754.00
 59.6000    789.00
 59.7000    780.00
 59.8000    789.00
 59.9000    759.00
 60.0000    738.00
 60.1000    748.00
 60.2000    772.00
 60.3000    737.00
 60.4000    755.00
 60.5000    752.00
 60.6000    777.00
 60.7000    763.00
 60.8000    765.00
 60.9000    790.00
 61.0000    759.00
 61.1000    772.00
 61.2000    846.00
 61.3000    909.00
 61.4000    940.00
 61.5000    938.00
 61.6000    974.00
 61.7000    925.00
 61.8000    848.00
 61.9000    828.00
 62.0000    857.00
 62.1000    979.00
 62.2000   1346.00
 62.3000   2033.00
 62.4000   2731.00
 62.5000   3192.00
 62.6000   3089.00
 62.7000   2718.00
 62.8000   2075.00
 62.9000   1657.00
 63.0000   1825.00
 63.1000   3023.00
 63.2000   4662.00
 63.3000   5906.00
 63.4000   5278.00
 63.5000   3454.00
 63.6000   1771.00
 63.7000   1058.00
 63.8000    836.00
 63.9000    794.00
 64.0000    816.00
 64.1000    784.00
 64.2000    766.00
 64.3000    753.00
 64.4000    787.00
 64.5000    814.00
 64.6000    770.00
 64.7000    754.00
 64.8000    763.00
 64.9000    745.00
 65.0000    780.00
 65.1000    787.00
 65.2000    751.00
 65.3000    748.00
 65.4000    737.00
 65.5000    762.00
 65.6000    764.00
 65.7000    785.00
 65.8000    902.00
 65.9000   1000.00
 66.0000   1126.00
 66.1000   1237.00
 66.2000   1368.00
 66.3000   1377.00
 66.4000   1285.00
 66.5000   1167.00
 66.6000   1049.00
 66.7000   1052.00
 66.8000   1253.00
 66.9000   1526.00
 67.0000   1542.00
 67.1000   1356.00
 67.2000   1102.00
 67.3000    890.00
 67.4000    782.00
 67.5000    799.00
 67.6000    817.00
 67.7000    792.00
 67.8000    795.00
 67.9000    777.00
 68.0000    778.00
 68.1000    763.00
 68.2000    757.00
 68.3000    693.00
 68.4000    768.00
 68.5000    765.00
 68.6000    717.00
 68.7000    758.00
 68.8000    738.00
 68.9000    759.00
 69.0000    788.00
 69.1000    776.00
 69.2000    803.00
 69.3000    807.00
 69.4000    777.00
 69.5000    818.00
 69.6000    837.00
 69.7000    940.00
 69.8000   1124.00
 69.9000   1254.00
 70.0000   1265.00
 70.1000   1285.00
 70.2000   1217.00
 70.3000   1036.00
 70.4000    933.00
 70.5000    777.00
 70.6000    784.00
 70.7000    773.00
 70.8000    778.00
 70.9000    780.00
 71.0000    749.00
 71.1000    762.00
 71.2000    758.00
 71.3000    753.00
 71.4000    734.00
 71.5000    781.00
 71.6000    775.00
 71.7000    776.00
 71.8000    817.00
 71.9000    819.00
 72.0000    859.00
 72.1000    851.00
 72.2000    886.00
 72.3000    898.00
 72.4000    887.00
 72.5000    870.00
 72.6000   1050.00
 72.7000   1395.00
 72.8000   1664.00
 72.9000   1743.00
 73.0000   1451.00
 73.1000   1253.00
 73.2000   1092.00
 73.3000   1089.00
 73.4000   1091.00
 73.5000   1075.00
 73.6000   1014.00
 73.7000    955.00
 73.8000    996.00
 73.9000   1025.00
 74.0000   1080.00
 74.1000   1013.00
 74.2000    893.00
 74.3000    806.00
 74.4000    793.00
 74.5000    789.00
 74.6000    777.00
 74.7000    765.00
 74.8000    788.00
 74.9000    731.00
 75.0000    752.00
 75.1000    726.00
 75.2000    751.00
 75.3000    798.00
 75.4000    795.00
 75.5000    825.00
 75.6000    820.00
 75.7000    865.00
 75.8000    855.00
 75.9000    818.00
 76.0000    778.00
 76.1000    760.00
 76.2000    775.00
 76.3000    743.00
 76.4000    750.00
 76.5000    771.00
 76.6000    749.00
 76.7000    740.00
 76.8000    777.00
 76.9000    800.00
 77.0000    817.00
 77.1000    943.00
 77.2000   1293.00
 77.3000   1782.00
 77.4000   2254.00
 77.5000   2192.00
 77.6000   1691.00
 77.7000   1215.00
 77.8000    924.00
 77.9000    812.00
 78.0000    832.00
 78.1000    764.00
 78.2000    773.00
 78.3000    741.00
 78.4000    745.00
 78.5000    748.00
 78.6000    735.00
 78.7000    781.00
 78.8000    774.00
 78.9000    740.00
 79.0000    741.00
 79.1000    738.00
 79.2000    768.00
 79.3000    746.00
 79.4000    755.00
 79.5000    727.00
 79.6000    767.00
 79.7000    788.00
 79.8000    760.00
 79.9000    795.00
 80.0000    806.00
 80.1000    818.00
 80.2000    818.00
 80.3000    831.00
 80.4000    797.00
 80.5000    782.00
 80.6000    809.00
 80.7000    825.00
 80.8000    846.00
 80.9000    836.00
 81.0000    799.00
 81.1000    787.00
 81.2000    793.00
 81.3000    757.00
 81.4000    735.00
 81.5000    768.00
 81.6000    725.00
 81.7000    737.00
 81.8000    760.00
 81.9000    724.00
 82.0000    780.00
 82.1000    782.00
 82.2000    781.00
 82.3000    766.00
 82.4000    795.00
 82.5000    810.00
 82.6000    881.00
 82.7000    891.00
 82.8000    902.00
 82.9000    893.00
 83.0000    899.00
 83.1000    908.00
 83.2000    850.00
 83.3000    811.00
 83.4000    771.00
 83.5000    724.00
 83.6000    771.00
 83.7000    765.00
 83.8000    712.00
 83.9000    736.00
 84.0000    757.00
 84.1000    745.00
 84.2000    723.00
 84.3000    719.00
 84.4000    750.00
 84.5000    723.00
 84.6000    698.00
 84.7000    736.00
 84.8000    747.00
 84.9000    759.00
 85.0000    708.00
 85.1000    752.00
 85.2000    786.00
 85.3000    819.00
 85.4000    902.00
 85.5000    976.00
 85.6000   1043.00
 85.7000    946.00
 85.8000    878.00
 85.9000    889.00
 86.0000    865.00
 86.1000    806.00
 86.2000    769.00
 86.3000    774.00
 86.4000    767.00
 86.5000    737.00
 86.6000    766.00
 86.7000    743.00
 86.8000    766.00
 86.9000    725.00
 87.0000    745.00
 87.1000    785.00
 87.2000    749.00
 87.3000    780.00
 87.4000    751.00
 87.5000    763.00
 87.6000    770.00
 87.7000    724.00
 87.8000    745.00
 87.9000    726.00
 88.0000    741.00
 88.1000    744.00
 88.2000    729.00
 88.3000    741.00
 88.4000    747.00
 88.5000    741.00
 88.6000    752.00
 88.7000    766.00
 88.8000    751.00
 88.9000    771.00
 89.0000    785.00
 89.1000    776.00
 89.2000    771.00
 89.3000    750.00
 89.4000    756.00
 89.5000    804.00
 89.6000    803.00
 89.7000    906.00
 89.8000   1024.00
 89.9000   1019.00
 90.0000   1072.00
 90.1000   1133.00
 90.2000   1140.00
 90.3000   1146.00
 90.4000   1090.00
 90.5000    939.00
 90.6000    852.00
 90.7000    778.00
 90.8000    766.00
 90.9000    776.00
 91.0000    741.00
 91.1000    745.00
 91.2000    761.00
 91.3000    781.00
 91.4000    718.00
 91.5000    760.00
 91.6000    774.00
 91.7000    778.00
 91.8000    756.00
 91.9000    782.00
 92.0000    797.00
 92.1000    793.00
 92.2000    819.00
 92.3000    922.00
 92.4000    902.00
 92.5000    897.00
 92.6000    857.00
 92.7000    831.00
 92.8000    782.00
 92.9000    811.00
 93.0000    811.00
 93.1000    789.00
 93.2000    793.00
 93.3000    809.00
 93.4000    839.00
 93.5000    856.00
 93.6000    897.00
 93.7000    900.00
 93.8000    838.00
 93.9000    862.00
 94.0000    880.00
 94.1000    826.00
 94.2000    810.00
 94.3000    790.00
 94.4000    741.00
 94.5000    783.00
 94.6000    762.00
 94.7000    775.00
 94.8000    763.00
 94.9000    758.00
 95.0000    767.00
 95.1000    776.00
 95.2000    743.00
 95.3000    765.00
 95.4000    767.00
 95.5000    799.00
 95.6000    769.00
 95.7000    770.00
 95.8000    772.00
 95.9000    812.00
 96.0000    814.00
 96.1000    802.00
 96.2000    774.00
 96.3000    912.00
 96.4000   1191.00
 96.5000   1823.00
 96.6000   2752.00
 96.7000   3447.00
 96.8000   3810.00
 96.9000   3977.00
 97.0000   3986.00
 97.1000   4055.00
 97.2000   3648.00
 97.3000   2865.00
 97.4000   1900.00
 97.5000   1208.00
 97.6000    903.00
 97.7000    814.00
 97.8000    809.00
 97.9000    794.00
 98.0000    777.00
 98.1000    753.00
 98.2000    742.00
 98.3000    763.00
 98.4000    785.00
 98.5000    767.00
 98.6000    737.00
 98.7000    745.00
 98.8000    790.00
 98.9000    790.00
 99.0000    790.00
 99.1000    864.00
 99.2000   1046.00
 99.3000   1471.00
 99.4000   2006.00
 99.5000   2547.00
 99.6000   3157.00
 99.7000   3589.00
 99.8000   3837.00
 99.9000   3368.00
100.0000   2331.00
100.1000   1371.00
100.2000    944.00
100.3000    845.00
100.4000    791.00
100.5000    799.00
100.6000    811.00
100.7000    812.00
100.8000    820.00
100.9000    773.00
101.0000    791.00
101.1000    808.00
101.2000    798.00
101.3000    784.00
101.4000    800.00
101.5000    796.00
101.6000    819.00
101.7000    848.00
101.8000    816.00
101.9000    780.00
102.0000    788.00
102.1000    837.00
102.2000    807.00
102.3000    833.00
102.4000    781.00
102.5000    847.00
102.6000    867.00
102.7000    841.00
102.8000    859.00
102.9000    919.00
103.0000   1065.00
103.1000   1228.00
103.2000   1251.00
103.3000   1155.00
103.4000   1097.00
103.5000   1162.00
103.6000   1480.00
103.7000   1686.00
103.8000   1559.00
103.9000   1274.00
104.0000    998.00
104.1000    857.00
104.2000    780.00
104.3000    764.00
104.4000    729.00
104.5000    746.00
104.6000    756.00
104.7000    725.00
104.8000    724.00
104.9000    713.00
105.0000    715.00
105.1000    760.00
105.2000    791.00
105.3000    766.00
105.4000    733.00
105.5000    723.00
105.6000    747.00
105.7000    745.00
105.8000    718.00
105.9000    741.00
106.0000    747.00
106.1000    710.00
106.2000    726.00
106.3000    748.00
106.4000    766.00
106.5000    727.00
106.6000    746.00
106.7000    754.00
106.8000    793.00
106.9000    854.00
107.0000   1034.00
107.1000   1681.00
107.2000   3044.00
107.3000   4829.00
107.4000   6199.00
107.5000   6076.00
107.6000   4404.00
107.7000   2577.00
107.8000   1463.00
107.9000    955.00
108.0000    824.00
108.1000    778.00
108.2000    794.00
108.3000    765.00
108.4000    767.00
108.5000    784.00
108.6000    805.00
108.7000    849.00
108.8000    845.00
108.9000    879.00
109.0000    890.00
109.1000    831.00
109.2000    788.00
109.3000    763.00
109.4000    787.00
109.5000    769.00
109.6000    747.00
109.7000    759.00
109.8000    722.00
109.9000    721.00
110.0000    770.00
110.1000    704.00
110.2000    721.00
110.3000    732.00
110.4000    728.00
110.5000    711.00
110.6000    703.00
110.7000    688.00
110.8000    704.00
110.9000    700.00
111.0000    692.00
111.1000    719.00
111.2000    721.00
111.3000    724.00
111.4000    703.00
111.5000    753.00
111.6000    692.00
111.7000    749.00
111.8000    749.00
111.9000    722.00
112.0000    706.00
112.1000    681.00
112.2000    700.00
112.3000    724.00
112.4000    697.00
112.5000    716.00
112.6000    730.00
112.7000    727.00
112.8000    734.00
112.9000    739.00
113.0000    797.00
113.1000    946.00
113.2000   1363.00
113.3000   1956.00
113.4000   2472.00
113.5000   2691.00
113.6000   2441.00
113.7000   1983.00
113.8000   1784.00
113.9000   1724.00
114.0000   1578.00
114.1000   1271.00
114.2000   1028.00
114.3000    818.00
114.4000    772.00
114.5000    790.00
114.6000    819.00
114.7000    792.00
114.8000    805.00
114.9000    810.00
115.0000    794.00
115.1000    781.00
115.2000    769.00
115.3000    757.00
115.4000    734.00
115.5000    703.00
115.6000    733.00
115.7000    732.00
115.8000    714.00
115.9000    752.00
116.0000    773.00
116.1000    771.00
116.2000    820.00
116.3000    773.00
116.4000    802.00
116.5000    802.00
116.6000    808.00
116.7000    818.00
116.8000    772.00
116.9000    834.00
117.0000    933.00
117.1000   1175.00
117.2000   1597.00
117.3000   2203.00
117.4000   2982.00
117.5000   3378.00
117.6000   3369.00
117.7000   2979.00
117.8000   2438.00
117.9000   2200.00
118.0000   2708.00
118.1000   3665.00
118.2000   4743.00
118.3000   5333.00
118.4000   5359.00
118.5000   4917.00
118.6000   4670.00
118.7000   4471.00
118.8000   3967.00
118.9000   3269.00
119.0000   2435.00
119.1000   1692.00
119.2000   1160.00
119.3000    893.00
119.4000    800.00
119.5000    776.00
119.6000    765.00
119.7000    806.00
119.8000    775.00
119.9000    738.00
120.0000    763.00
120.1000    734.00
120.2000    715.00
120.3000    716.00
120.4000    736.00
120.5000    722.00
120.6000    728.00
120.7000    743.00
120.8000    714.00
120.9000    739.00
121.0000    745.00
121.1000    759.00
121.2000    785.00
121.3000    772.00
121.4000    792.00
121.5000    758.00
121.6000    721.00
121.7000    749.00
121.8000    719.00
121.9000    736.00
122.0000    733.00
122.1000    747.00
122.2000    729.00
122.3000    740.00
122.4000    696.00
122.5000    712.00
122.6000    698.00
122.7000    712.00
122.8000    730.00
122.9000    724.00
123.0000    728.00
123.1000    703.00
123.2000    719.00
123.3000    722.00
123.4000    712.00
123.5000    717.00
123.6000    726.00
123.7000    705.00
123.8000    723.00
123.9000    712.00
124.0000    699.00
124.1000    749.00
124.2000    737.00
124.3000    713.00
124.4000    719.00
124.5000    739.00
124.6000    742.00
124.7000    732.00
124.8000    733.00
124.9000    771.00
125.0000    815.00
125.1000    946.00
125.2000   1173.00
125.3000   1421.00
125.4000   1655.00
125.5000   1777.00
125.6000   1829.00
125.7000   1640.00
125.8000   1457.00
125.9000   1319.00
126.0000   1264.00
126.1000   1287.00
126.2000   1356.00
126.3000   1372.00
126.4000   1337.00
126.5000   1260.00
126.6000   1048.00
126.7000    928.00
126.8000    865.00
126.9000    845.00
127.0000    833.00
127.1000    883.00
127.2000    976.00
127.3000   1095.00
127.4000   1350.00
127.5000   1736.00
127.6000   2146.00
127.7000   2491.00
127.8000   2580.00
127.9000   2602.00
128.0000   2254.00
128.1000   2045.00
128.2000   2106.00
128.3000   2377.00
128.4000   2720.00
128.5000   3072.00
128.6000   3272.00
128.7000   3220.00
128.8000   3112.00
128.9000   2827.00
129.0000   2429.00
129.1000   1900.00
129.2000   1392.00
129.3000   1103.00
129.4000    946.00
129.5000    838.00
129.6000    813.00
129.7000    810.00
129.8000    825.00
129.9000    810.00
130.0000    808.00
130.1000    790.00
130.2000    782.00
130.3000    781.00
130.4000    797.00
130.5000    784.00
130.6000    823.00
130.7000    772.00
130.8000    797.00
130.9000    808.00
131.0000    804.00
131.1000    764.00
131.2000    805.00
131.3000    773.00
131.4000    770.00
131.5000    791.00
131.6000    789.00
131.7000    796.00
131.8000    766.00
131.9000    774.00
132.0000    778.00
132.1000    742.00
132.2000    778.00
132.3000    772.00
132.4000    775.00
132.5000    790.00
132.6000    752.00
132.7000    751.00
132.8000    739.00
132.9000    744.00
133.0000    782.00
133.1000    793.00
133.2000    769.00
133.3000    776.00
133.4000    805.00
133.5000    788.00
133.6000    799.00
133.7000    811.00
133.8000    784.00
133.9000    824.00
134.0000    865.00
134.1000    942.00
134.2000   1111.00
134.3000   1416.00
134.4000   1791.00
134.5000   2163.00
134.6000   2554.00
134.7000   2824.00
134.8000   2901.00
134.9000   2778.00
135.0000   2779.00
135.1000   3076.00
135.2000   3356.00
135.3000   3904.00
135.4000   4492.00
135.5000   4728.00
135.6000   4674.00
135.7000   4056.00
135.8000   3124.00
135.9000   2220.00
136.0000   1565.00
136.1000   1199.00
136.2000   1053.00
136.3000    998.00
136.4000    965.00
136.5000    856.00
136.6000    858.00
136.7000    876.00
136.8000    876.00
136.9000    831.00
137.0000    841.00
137.1000    863.00
137.2000    819.00
137.3000    796.00
137.4000    800.00
137.5000    804.00
137.6000    820.00
137.7000    823.00
137.8000    793.00
137.9000    772.00
138.0000    788.00
138.1000    836.00
138.2000    823.00
138.3000    818.00
138.4000    822.00
138.5000    773.00
138.6000    757.00
138.7000    763.00
138.8000    766.00
138.9000    803.00
139.0000    796.00
139.1000    803.00
139.2000    786.00
139.3000    789.00
139.4000    794.00
139.5000    791.00
139.6000    785.00
139.7000    784.00
139.8000    778.00
139.9000    785.00
140.0000    777.00
140.1000    774.00
140.2000    800.00
140.3000    785.00
140.4000    815.00
140.5000    832.00
140.6000    796.00
140.7000    798.00
140.8000    777.00
140.9000    781.00
141.0000    789.00
141.1000    855.00
141.2000    778.00
141.3000    784.00
141.4000    782.00
141.5000    785.00
141.6000    802.00
141.7000    807.00
141.8000    813.00
141.9000    820.00
142.0000    815.00
142.1000    778.00
142.2000    819.00
142.3000    832.00
142.4000    810.00
142.5000    837.00
142.6000    805.00
142.7000    853.00
142.8000    842.00
142.9000    877.00
143.0000    864.00
143.1000    869.00
143.2000    896.00
143.3000    836.00
143.4000    846.00
143.5000    878.00
143.6000    863.00
143.7000    875.00
143.8000    859.00
143.9000    828.00
144.0000    821.00
144.1000    847.00
144.2000    815.00
144.3000    830.00
144.4000    851.00
144.5000    867.00
144.6000    850.00
144.7000    849.00
144.8000    836.00
144.9000    855.00
145.0000    853.00
145.1000    854.00
145.2000    884.00
145.3000    849.00
145.4000    842.00
145.5000    871.00
145.6000    881.00
145.7000    847.00
145.8000    866.00
145.9000    878.00
146.0000    873.00
146.1000    849.00
146.2000    908.00
146.3000    914.00
146.4000    869.00
146.5000    866.00
146.6000    920.00
146.7000    941.00
146.8000    994.00
146.9000   1074.00
147.0000   1256.00
147.1000   1547.00
147.2000   2083.00
147.3000   2725.00
147.4000   3478.00
147.5000   4028.00
147.6000   4418.00
147.7000   4717.00
147.8000   4709.00
147.9000   4703.00
148.0000   7553.00
148.1000   4342.00
148.2000   3950.00
148.3000   3592.00
148.4000   3018.00
148.5000   2539.00
148.6000   2057.00
148.7000   1811.00
148.8000   1532.00
148.9000   1382.00
149.0000   1336.00
149.1000   1325.00
149.2000   1452.00
149.3000   1573.00
149.4000   1774.00
149.5000   2108.00
149.6000   2508.00
149.7000   2747.00
149.8000   3062.00
149.9000   3225.00
150.0000   3158.00
150.1000   3110.00
150.2000   2876.00
150.3000   2543.00
150.4000   2214.00
150.5000   1891.00
150.6000   1667.00
150.7000   1489.00
150.8000   1294.00
150.9000   1161.00
151.0000   1037.00
151.1000   1036.00
151.2000   1016.00
151.3000    985.00
151.4000    960.00
151.5000    949.00
151.6000    951.00
151.7000    942.00
151.8000    909.00
151.9000    919.00
152.0000    910.00
152.1000    922.00
152.2000    953.00
152.3000    961.00
152.4000    933.00
152.5000    953.00
152.6000    948.00
152.7000    943.00
152.8000    916.00
152.9000    911.00
153.0000    957.00
153.1000    945.00
153.2000    954.00
153.3000    938.00
153.4000    964.00
153.5000    965.00
153.6000    960.00
153.7000    962.00
153.8000    983.00
153.9000    958.00
154.0000    965.00
154.1000   1021.00
154.2000   1026.00
154.3000   1072.00
154.4000   1072.00
154.5000   1049.00
154.6000   1040.00
154.7000    975.00
154.8000    988.00
154.9000   1043.00
155.0000    977.00
155.1000    999.00
155.2000   1025.00
155.3000    969.00
155.4000    981.00
155.5000    961.00
155.6000    992.00
155.7000   1019.00
155.8000   1020.00
155.9000   1062.00
156.0000   1080.00
156.1000   1044.00
156.2000   1103.00
156.3000   1107.00
156.4000   1124.00
156.5000   1117.00
156.6000   1150.00
156.7000   1153.00
156.8000   1192.00
156.9000   1222.00
157.0000   1203.00
157.1000   1221.00
157.2000   1263.00
157.3000   1210.00
157.4000   1175.00
157.5000   1187.00
157.6000   1131.00
157.7000   1105.00
157.8000   1139.00
157.9000   1098.00
158.0000   1061.00
158.1000   1161.00
158.2000   1223.00
158.3000   1265.00
158.4000   1340.00
158.5000   1376.00
158.6000   1454.00
158.7000   1513.00
158.8000   1600.00
158.9000   1723.00
159.0000   1751.00
159.1000   1830.00
159.2000   1940.00
159.3000   1947.00
159.4000   2091.00
159.5000   2156.00
159.6000   2163.00
159.7000   2107.00
159.8000   2087.00
159.9000   2122.00
160.0000   2036.00
160.1000   2016.00
160.2000   1930.00
160.3000   1894.00
160.4000   1751.00
160.5000   1694.00
160.6000   1599.00
160.7000   1519.00
160.8000   1535.00
160.9000   1409.00
161.0000   1423.00
161.1000   1461.00
161.2000   1360.00
161.3000   1365.00
161.4000   1375.00
161.5000   1385.00
161.6000   1398.00
161.7000   1332.00
161.8000   1375.00
161.9000   1385.00
162.0000   1369.00
162.1000   1383.00
162.2000   1375.00
162.3000   1319.00
162.4000   1298.00
162.5000   1314.00
162.6000   1232.00
162.7000   1175.00
162.8000   1133.00
162.9000   1149.00
163.0000   1140.00
163.1000   1075.00
163.2000   1061.00
163.3000   1101.00
163.4000   1072.00
163.5000   1057.00
163.6000   1045.00
163.7000   1097.00
163.8000   1066.00
163.9000   1016.00
164.0000   1033.00
164.1000   1016.00
164.2000   1037.00
164.3000   1060.00
164.4000   1037.00
164.5000   1026.00
164.6000   1031.00
164.7000   1064.00
164.8000   1098.00
164.9000   1074.00
165.0000   1046.00
165.1000   1063.00
165.2000   1118.00
165.3000   1074.00
165.4000   1008.00
165.5000   1052.00
165.6000   1038.00
165.7000   1085.00
165.8000   1112.00
165.9000   1100.00
166.0000   1110.00
166.1000   1160.00
166.2000   1011.00
166.3000   1089.00
166.4000   1193.00
166.5000   1110.00
166.6000   1202.00
166.7000   1163.00
166.8000   1083.00
166.9000   1116.00
167.0000   1130.00
167.1000   1196.00
167.2000   1177.00
167.3000   1213.00
167.4000   1228.00
167.5000   1205.00
167.6000   1303.00
167.7000   1281.00
167.8000   1215.00
167.9000   1249.00
168.0000   1302.00
168.1000   1322.00
168.2000   1312.00
168.3000   1354.00
168.4000   1303.00
168.5000   1214.00
168.6000   1377.00
168.7000   1327.00
168.8000   1246.00
168.9000   1330.00
169.0000   1347.00
169.1000   1225.00
169.2000   1211.00
169.3000   1241.00
169.4000   1214.00
169.5000   1223.00
169.6000   1162.00
169.7000   1248.00
169.8000   1220.00
169.9000   1297.00
170.0000   1261.00
170.1000   1177.00
170.2000   1215.00
170.3000   1220.00
170.4000   1273.00
170.5000   1256.00
170.6000   1152.00
170.7000   1288.00
170.8000   1227.00
170.9000   1192.00
171.0000   1236.00
171.1000   1219.00
171.2000   1274.00
171.3000   1176.00
171.4000   1158.00
171.5000   1267.00
171.6000   1225.00
171.7000   1359.00
171.8000   1404.00
171.9000   1440.00
172.0000   1707.00
172.1000   1434.00
